-0.00000 -0.00000 0.00521 0.01564 0.03127 0.05212 0.07819 0.10947 0.14597 0.18769 0.23463 0.28682 0.34424 0.40693 0.47490 0.54818 0.62681 0.71087 0.80048 0.89586 0.99750
-0.00000 -0.00000 0.00521 0.01564 0.03127 0.05212 0.07819 0.10947 0.14597 0.18769 0.23464 0.28682 0.34424 0.40693 0.47490 0.54818 0.62681 0.71087 0.80048 0.89586 0.99750
-0.00521 -0.00521 -0.00000 0.01042 0.02606 0.04691 0.07297 0.10425 0.14075 0.18246 0.22940 0.28158 0.33899 0.40165 0.46959 0.54282 0.62139 0.70533 0.79471 0.88961 0.99000
-0.01564 -0.01564 -0.01042 -0.00000 0.01564 0.03649 0.06255 0.09382 0.13031 0.17202 0.21895 0.27110 0.32848 0.39111 0.45899 0.53215 0.61059 0.69435 0.78344 0.87785 0.97750
-0.03127 -0.03127 -0.02606 -0.01564 -0.00000 0.02085 0.04691 0.07818 0.11466 0.15636 0.20326 0.25539 0.31274 0.37532 0.44312 0.51618 0.59448 0.67803 0.76684 0.86085 0.96000
-0.05212 -0.05212 -0.04691 -0.03649 -0.02085 -0.00000 0.02606 0.05732 0.09380 0.13548 0.18237 0.23447 0.29177 0.35429 0.42202 0.49496 0.57312 0.65648 0.74502 0.83872 0.93750
-0.07819 -0.07819 -0.07297 -0.06255 -0.04691 -0.02606 -0.00000 0.03126 0.06773 0.10940 0.15627 0.20833 0.26559 0.32805 0.39570 0.46854 0.54655 0.62974 0.71806 0.81150 0.91000
-0.10947 -0.10947 -0.10425 -0.09382 -0.07818 -0.05732 -0.03126 0.00000 0.03646 0.07812 0.12497 0.17701 0.23423 0.29662 0.36420 0.43693 0.51482 0.59785 0.68600 0.77923 0.87750
-0.14597 -0.14597 -0.14075 -0.13031 -0.11466 -0.09380 -0.06773 -0.03646 -0.00000 0.04165 0.08849 0.14050 0.19768 0.26003 0.32753 0.40018 0.47796 0.56085 0.64885 0.74191 0.84000
-0.18769 -0.18769 -0.18246 -0.17202 -0.15636 -0.13548 -0.10940 -0.07812 -0.04165 -0.00000 0.04683 0.09882 0.15597 0.21827 0.28572 0.35829 0.43598 0.51876 0.60663 0.69955 0.79750
-0.23463 -0.23464 -0.22940 -0.21895 -0.20326 -0.18237 -0.15627 -0.12497 -0.08849 -0.04683 -0.00000 0.05198 0.10911 0.17138 0.23878 0.31129 0.38890 0.47159 0.55936 0.65217 0.75000
-0.28682 -0.28682 -0.28158 -0.27110 -0.25539 -0.23447 -0.20833 -0.17701 -0.14050 -0.09882 -0.05198 -0.00000 0.05712 0.11936 0.18672 0.25918 0.33673 0.41936 0.50704 0.59976 0.69750
-0.34424 -0.34424 -0.33899 -0.32848 -0.31274 -0.29177 -0.26559 -0.23423 -0.19768 -0.15597 -0.10911 -0.05712 -0.00000 0.06223 0.12957 0.20199 0.27950 0.36207 0.44968 0.54233 0.64000
-0.40693 -0.40693 -0.40165 -0.39111 -0.37532 -0.35429 -0.32805 -0.29662 -0.26003 -0.21827 -0.17138 -0.11936 -0.06223 -0.00000 0.06732 0.13973 0.21720 0.29972 0.38729 0.47989 0.57750
-0.47490 -0.47490 -0.46959 -0.45899 -0.44312 -0.42202 -0.39570 -0.36420 -0.32753 -0.28572 -0.23878 -0.18672 -0.12957 -0.06732 -0.00000 0.07239 0.14984 0.23234 0.31987 0.41243 0.51000
-0.54818 -0.54818 -0.54282 -0.53215 -0.51618 -0.49496 -0.46854 -0.43693 -0.40018 -0.35829 -0.31129 -0.25918 -0.20199 -0.13973 -0.07239 -0.00000 0.07744 0.15992 0.24743 0.33996 0.43750
-0.62681 -0.62681 -0.62139 -0.61059 -0.59448 -0.57312 -0.54655 -0.51482 -0.47796 -0.43598 -0.38890 -0.33673 -0.27950 -0.21720 -0.14984 -0.07744 0.00000 0.08247 0.16997 0.26248 0.36000
-0.71087 -0.71087 -0.70533 -0.69435 -0.67803 -0.65648 -0.62974 -0.59785 -0.56085 -0.51876 -0.47159 -0.41936 -0.36207 -0.29972 -0.23234 -0.15992 -0.08247 0.00000 0.08749 0.17999 0.27750
-0.80048 -0.80048 -0.79471 -0.78344 -0.76684 -0.74502 -0.71806 -0.68600 -0.64885 -0.60663 -0.55936 -0.50704 -0.44968 -0.38729 -0.31987 -0.24743 -0.16997 -0.08749 0.00000 0.09250 0.19000
-0.89586 -0.89586 -0.88961 -0.87785 -0.86085 -0.83872 -0.81150 -0.77923 -0.74191 -0.69955 -0.65217 -0.59976 -0.54233 -0.47989 -0.41243 -0.33996 -0.26248 -0.17999 -0.09250 0.00000 0.09750
-0.99750 -0.99750 -0.99000 -0.97750 -0.96000 -0.93750 -0.91000 -0.87750 -0.84000 -0.79750 -0.75000 -0.69750 -0.64000 -0.57750 -0.51000 -0.43750 -0.36000 -0.27750 -0.19000 -0.09750 0.00000
