0.00000 0.00000 0.00521 0.01563 0.03127 0.05211 0.07817 0.10945 0.14594 0.18766 0.23460 0.28678 0.34421 0.40690 0.47487 0.54815 0.62679 0.71085 0.80047 0.89586 0.99750
0.00000 0.00000 0.00521 0.01563 0.03127 0.05211 0.07817 0.10945 0.14594 0.18766 0.23460 0.28678 0.34421 0.40690 0.47487 0.54815 0.62679 0.71086 0.80047 0.89586 0.99750
-0.00521 -0.00521 0.00000 0.01042 0.02606 0.04690 0.07296 0.10423 0.14073 0.18244 0.22937 0.28154 0.33896 0.40162 0.46956 0.54280 0.62137 0.70531 0.79470 0.88960 0.99000
-0.01563 -0.01563 -0.01042 0.00000 0.01563 0.03648 0.06254 0.09381 0.13029 0.17199 0.21892 0.27107 0.32845 0.39108 0.45896 0.53212 0.61057 0.69433 0.78342 0.87784 0.97750
-0.03127 -0.03127 -0.02606 -0.01563 0.00000 0.02084 0.04690 0.07817 0.11464 0.15633 0.20324 0.25536 0.31271 0.37529 0.44310 0.51615 0.59446 0.67802 0.76682 0.86084 0.96000
-0.05211 -0.05211 -0.04690 -0.03648 -0.02084 0.00000 0.02605 0.05732 0.09379 0.13546 0.18235 0.23444 0.29175 0.35426 0.42199 0.49494 0.57310 0.65646 0.74501 0.83871 0.93750
-0.07817 -0.07817 -0.07296 -0.06254 -0.04690 -0.02605 0.00000 0.03126 0.06772 0.10939 0.15625 0.20831 0.26557 0.32803 0.39568 0.46852 0.54654 0.62972 0.71806 0.81150 0.91000
-0.10945 -0.10945 -0.10423 -0.09381 -0.07817 -0.05732 -0.03126 0.00000 0.03646 0.07811 0.12496 0.17699 0.23421 0.29661 0.36418 0.43692 0.51481 0.59784 0.68599 0.77922 0.87750
-0.14594 -0.14594 -0.14073 -0.13029 -0.11464 -0.09379 -0.06772 -0.03646 0.00000 0.04165 0.08848 0.14049 0.19767 0.26001 0.32751 0.40016 0.47795 0.56085 0.64884 0.74190 0.84000
-0.18766 -0.18766 -0.18244 -0.17199 -0.15633 -0.13546 -0.10939 -0.07811 -0.04165 -0.00000 0.04682 0.09881 0.15596 0.21826 0.28571 0.35828 0.43597 0.51876 0.60662 0.69955 0.79750
-0.23460 -0.23460 -0.22937 -0.21892 -0.20324 -0.18235 -0.15625 -0.12496 -0.08848 -0.04682 -0.00000 0.05198 0.10911 0.17137 0.23877 0.31128 0.38889 0.47159 0.55935 0.65216 0.75000
-0.28678 -0.28678 -0.28154 -0.27107 -0.25536 -0.23444 -0.20831 -0.17699 -0.14049 -0.09881 -0.05198 -0.00000 0.05712 0.11936 0.18672 0.25918 0.33673 0.41935 0.50704 0.59976 0.69750
-0.34421 -0.34421 -0.33896 -0.32845 -0.31271 -0.29175 -0.26557 -0.23421 -0.19767 -0.15596 -0.10911 -0.05712 -0.00000 0.06223 0.12957 0.20199 0.27949 0.36206 0.44968 0.54233 0.64000
-0.40690 -0.40690 -0.40162 -0.39108 -0.37529 -0.35426 -0.32803 -0.29661 -0.26001 -0.21826 -0.17137 -0.11936 -0.06223 -0.00000 0.06732 0.13973 0.21720 0.29972 0.38729 0.47989 0.57750
-0.47487 -0.47487 -0.46956 -0.45896 -0.44310 -0.42199 -0.39568 -0.36418 -0.32751 -0.28571 -0.23877 -0.18672 -0.12957 -0.06732 0.00000 0.07239 0.14984 0.23234 0.31987 0.41243 0.51000
-0.54815 -0.54815 -0.54280 -0.53212 -0.51615 -0.49494 -0.46852 -0.43692 -0.40016 -0.35828 -0.31128 -0.25918 -0.20199 -0.13973 -0.07239 0.00000 0.07744 0.15992 0.24743 0.33996 0.43750
-0.62679 -0.62679 -0.62137 -0.61057 -0.59446 -0.57310 -0.54654 -0.51481 -0.47795 -0.43597 -0.38889 -0.33673 -0.27949 -0.21720 -0.14984 -0.07744 -0.00000 0.08247 0.16997 0.26248 0.36000
-0.71085 -0.71086 -0.70531 -0.69433 -0.67802 -0.65646 -0.62972 -0.59784 -0.56085 -0.51876 -0.47159 -0.41935 -0.36206 -0.29972 -0.23234 -0.15992 -0.08247 -0.00000 0.08749 0.17999 0.27750
-0.80047 -0.80047 -0.79470 -0.78342 -0.76682 -0.74501 -0.71806 -0.68599 -0.64884 -0.60662 -0.55935 -0.50704 -0.44968 -0.38729 -0.31987 -0.24743 -0.16997 -0.08749 0.00000 0.09250 0.19000
-0.89586 -0.89586 -0.88960 -0.87784 -0.86084 -0.83871 -0.81150 -0.77922 -0.74190 -0.69955 -0.65216 -0.59976 -0.54233 -0.47989 -0.41243 -0.33996 -0.26248 -0.17999 -0.09250 -0.00000 0.09750
-0.99750 -0.99750 -0.99000 -0.97750 -0.96000 -0.93750 -0.91000 -0.87750 -0.84000 -0.79750 -0.75000 -0.69750 -0.64000 -0.57750 -0.51000 -0.43750 -0.36000 -0.27750 -0.19000 -0.09750 0.00000
