0.00000 0.00000 0.00488 0.01468 0.02943 0.04920 0.07407 0.10412 0.13944 0.18011 0.22621 0.27782 0.33499 0.39778 0.46621 0.54031 0.62009 0.70558 0.79683 0.89401 0.99750
0.00000 0.00000 0.00489 0.01469 0.02945 0.04923 0.07412 0.10418 0.13951 0.18019 0.22630 0.27791 0.33509 0.39788 0.46630 0.54039 0.62016 0.70564 0.79687 0.89403 0.99750
-0.00488 -0.00489 0.00000 0.00980 0.02457 0.04436 0.06925 0.09932 0.13465 0.17532 0.22142 0.27302 0.33016 0.39291 0.46127 0.53528 0.61494 0.70025 0.79121 0.88782 0.99000
-0.01468 -0.01469 -0.00980 0.00000 0.01477 0.03456 0.05945 0.08951 0.12483 0.16549 0.21156 0.26312 0.32020 0.38287 0.45113 0.52499 0.60446 0.68951 0.78010 0.87615 0.97750
-0.02943 -0.02945 -0.02457 -0.01477 0.00000 0.01979 0.04468 0.07473 0.11004 0.15067 0.19670 0.24819 0.30519 0.36774 0.43586 0.50955 0.58878 0.67353 0.76372 0.85926 0.96000
-0.04920 -0.04923 -0.04436 -0.03456 -0.01979 0.00000 0.02488 0.05493 0.09021 0.13081 0.17679 0.22820 0.28511 0.34753 0.41548 0.48896 0.56794 0.65237 0.74218 0.83727 0.93750
-0.07407 -0.07412 -0.06925 -0.05945 -0.04468 -0.02488 0.00000 0.03004 0.06530 0.10587 0.15179 0.20313 0.25993 0.32221 0.38999 0.46325 0.54196 0.62608 0.71552 0.81020 0.91000
-0.10412 -0.10418 -0.09932 -0.08951 -0.07473 -0.05493 -0.03004 0.00000 0.03525 0.07579 0.12166 0.17292 0.22962 0.29176 0.35936 0.43240 0.51086 0.59467 0.68378 0.77809 0.87750
-0.13944 -0.13951 -0.13465 -0.12483 -0.11004 -0.09021 -0.06530 -0.03525 -0.00000 0.04052 0.08635 0.13755 0.19414 0.25615 0.32358 0.39642 0.47463 0.55817 0.64697 0.74094 0.84000
-0.18011 -0.18019 -0.17532 -0.16549 -0.15067 -0.13081 -0.10587 -0.07579 -0.04052 -0.00000 0.04581 0.09696 0.15347 0.21537 0.28265 0.35530 0.43328 0.51657 0.60508 0.69875 0.79750
-0.22621 -0.22630 -0.22142 -0.21156 -0.19670 -0.17679 -0.15179 -0.12166 -0.08635 -0.04581 -0.00000 0.05112 0.10757 0.16938 0.23653 0.30901 0.38681 0.46986 0.55812 0.65153 0.75000
-0.27782 -0.27791 -0.27302 -0.26312 -0.24819 -0.22820 -0.20313 -0.17292 -0.13755 -0.09696 -0.05112 -0.00000 0.05642 0.11816 0.18521 0.25756 0.33519 0.41805 0.50609 0.59927 0.69750
-0.33499 -0.33509 -0.33016 -0.32020 -0.30519 -0.28511 -0.25993 -0.22962 -0.19414 -0.15347 -0.10757 -0.05642 -0.00000 0.06170 0.12869 0.20094 0.27843 0.36113 0.44899 0.54197 0.64000
-0.39778 -0.39788 -0.39291 -0.38287 -0.36774 -0.34753 -0.32221 -0.29176 -0.25615 -0.21537 -0.16938 -0.11816 -0.06170 0.00000 0.06695 0.13913 0.21653 0.29910 0.38682 0.47964 0.57750
-0.46621 -0.46630 -0.46127 -0.45113 -0.43586 -0.41548 -0.38999 -0.35936 -0.32358 -0.28265 -0.23653 -0.18521 -0.12869 -0.06695 0.00000 0.07215 0.14948 0.23197 0.31957 0.41227 0.51000
-0.54031 -0.54039 -0.53528 -0.52499 -0.50955 -0.48896 -0.46325 -0.43240 -0.39642 -0.35530 -0.30901 -0.25756 -0.20094 -0.13913 -0.07215 0.00000 0.07730 0.15973 0.24726 0.33986 0.43750
-0.62009 -0.62016 -0.61494 -0.60446 -0.58878 -0.56794 -0.54196 -0.51086 -0.47463 -0.43328 -0.38681 -0.33519 -0.27843 -0.21653 -0.14948 -0.07730 0.00000 0.08240 0.16989 0.26243 0.36000
-0.70558 -0.70564 -0.70025 -0.68951 -0.67353 -0.65237 -0.62608 -0.59467 -0.55817 -0.51657 -0.46986 -0.41805 -0.36113 -0.29910 -0.23197 -0.15973 -0.08240 0.00000 0.08747 0.17997 0.27750
-0.79683 -0.79687 -0.79121 -0.78010 -0.76372 -0.74218 -0.71552 -0.68378 -0.64697 -0.60508 -0.55812 -0.50609 -0.44899 -0.38682 -0.31957 -0.24726 -0.16989 -0.08747 0.00000 0.09249 0.19000
-0.89401 -0.89403 -0.88782 -0.87615 -0.85926 -0.83727 -0.81020 -0.77809 -0.74094 -0.69875 -0.65153 -0.59927 -0.54197 -0.47964 -0.41227 -0.33986 -0.26243 -0.17997 -0.09249 0.00000 0.09750
-0.99750 -0.99750 -0.99000 -0.97750 -0.96000 -0.93750 -0.91000 -0.87750 -0.84000 -0.79750 -0.75000 -0.69750 -0.64000 -0.57750 -0.51000 -0.43750 -0.36000 -0.27750 -0.19000 -0.09750 0.00000
